THRESHOLD: 5554
FACILITIES: 7
CUSTOMERS: 20
MAXBANDWIDTHS: 16 20 24 16 20 25 16
DISTANCECOSTS: 10
OPENINGCOSTS: 467 462 368 466 372 319 347

#bandwidth; dist_0 dist_1 ...
4; 61 39 59 87 27 60 32
4; 74 43 89 115 18 64 39
1; 18 35 112 78 90 14 41
1; 53 37 54 74 40 56 30
1; 44 12 88 92 43 34 10
3; 74 59 38 82 39 78 51
2; 2 30 92 61 81 21 33
3; 10 34 85 52 81 30 36
1; 46 21 72 83 37 43 14
2; 69 40 76 104 14 62 34
3; 69 40 76 103 14 62 34
2; 75 62 33 80 44 81 55
3; 74 54 49 91 28 75 46
3; 62 30 90 106 29 51 27
2; 89 75 30 90 47 94 67
3; 20 38 75 46 78 38 37
3; 91 62 79 120 7 84 56
1; 82 52 87 119 11 73 47
4; 7 40 97 57 91 27 43
4; 29 44 67 40 78 46 42
