THRESHOLD: 35233
FACILITIES: 7
CUSTOMERS: 20
MAXBANDWIDTHS: 2 5 5 2 2 4 5
DISTANCECOSTS: 10
OPENINGCOSTS: 427 402 453 418 380 373 315

#bandwidth; dist_0 dist_1 ...
5; 10 66 28 85 44 65 44
5; 65 31 58 51 66 57 58
7; 28 92 56 87 71 94 72
5; 36 44 11 97 16 32 11
7; 49 37 45 58 55 54 48
5; 41 88 64 69 80 97 78
6; 61 53 64 37 76 75 69
5; 35 84 59 71 74 92 73
7; 70 10 48 89 45 22 36
5; 46 38 43 59 53 54 46
5; 48 75 64 51 79 89 76
5; 81 23 69 60 73 55 64
5; 34 77 55 67 70 86 68
7; 11 81 39 92 54 79 56
7; 55 61 28 125 13 33 19
5; 26 57 2 102 17 44 19
7; 49 37 22 101 17 19 8
5; 86 73 92 9 103 100 97
6; 60 17 47 69 51 39 42
5; 60 13 42 78 44 30 35
