THRESHOLD: 5400
FACILITIES: 8
CUSTOMERS: 15
MAXBANDWIDTHS: 71 67 63 70 67 76 76 68
DISTANCECOSTS: 10
OPENINGCOSTS: 425 459 442 443 314 431 428 303

#bandwidth; dist_0 dist_1 ...
14; 80 50 67 80 48 24 66 28
9; 21 35 58 18 57 73 29 44
12; 94 53 61 86 68 43 69 39
13; 83 29 25 61 79 67 41 37
10; 76 30 11 40 93 92 25 55
7; 6 61 87 45 50 77 57 60
10; 83 84 108 102 32 22 96 58
12; 55 46 72 66 22 20 58 22
13; 92 88 111 109 42 25 101 62
14; 35 23 51 33 43 52 28 21
6; 77 32 13 41 96 94 27 57
7; 29 31 59 37 37 51 35 25
13; 85 80 103 101 35 17 93 54
13; 87 42 49 75 68 47 57 32
10; 6 57 81 37 56 81 51 59
