THRESHOLD: 11111
FACILITIES: 8
CUSTOMERS: 30
MAXBANDWIDTHS: 39 31 32 31 38 39 30 33
DISTANCECOSTS: 10
OPENINGCOSTS: 431 376 441 489 473 431 342 301

#bandwidth; dist_0 dist_1 ...
8; 26 49 83 85 73 25 94 39
8; 78 45 13 17 22 115 76 60
9; 34 60 94 96 84 19 103 49
14; 60 48 63 77 57 54 45 56
12; 72 40 11 12 18 110 77 55
13; 66 44 48 65 43 72 32 58
9; 31 4 38 41 28 66 73 16
14; 44 14 31 40 22 71 60 31
9; 23 43 73 62 64 74 116 26
14; 16 29 64 65 54 43 84 21
13; 35 61 95 97 85 18 103 50
6; 37 23 42 31 35 85 95 21
12; 56 56 78 90 70 36 61 59
12; 36 5 32 31 23 76 77 19
9; 97 73 66 86 65 95 2 88
13; 64 32 12 8 13 103 77 46
5; 47 59 88 95 79 16 81 55
13; 38 59 92 96 82 13 96 50
8; 80 50 34 55 35 96 31 67
12; 27 49 82 85 72 24 92 39
11; 98 78 76 96 74 90 15 92
6; 65 64 84 97 77 40 59 68
5; 50 65 95 102 86 9 89 60
10; 25 52 86 87 76 26 99 40
13; 74 80 103 114 95 34 76 81
10; 52 68 97 104 88 9 89 63
9; 37 22 42 31 35 85 95 21
12; 73 40 10 14 17 110 75 55
13; 17 35 66 57 57 68 107 17
8; 44 65 97 101 87 7 96 57
