THRESHOLD: 10500
FACILITIES: 10
CUSTOMERS: 15
MAXBANDWIDTHS: 11 9 18 14 9 21 14 10 25 11
DISTANCECOSTS: 10
OPENINGCOSTS: 281 214 241 341 340 351 347 398 218 300

#bandwidth; dist_0 dist_1 ...
15; 124 101 129 121 80 150 41 23 42 77
13; 47 174 55 56 178 23 112 125 132 69
16; 86 149 52 89 96 79 36 65 50 42
16; 102 141 74 104 76 102 16 51 27 53
17; 73 69 153 64 196 141 124 99 144 86
15; 87 202 23 96 160 23 110 134 123 86
14; 50 130 137 45 222 110 146 135 169 95
8; 78 135 164 72 246 137 171 156 193 121
8; 116 202 32 123 114 71 84 118 89 89
7; 111 19 173 102 176 172 116 82 132 100
17; 55 100 142 46 208 123 133 116 155 86
11; 53 128 140 48 224 115 148 136 171 97
15; 132 183 73 136 65 111 55 92 49 89
14; 8 126 83 12 169 68 94 93 116 41
14; 65 178 25 73 153 19 94 114 110 63
