THRESHOLD: 9469
FACILITIES: 8
CUSTOMERS: 20
MAXBANDWIDTHS: 6 11 11 10 8 10 11 10
DISTANCECOSTS: 10
OPENINGCOSTS: 272 367 225 255 296 225 349 322

#bandwidth; dist_0 dist_1 ...
8; 71 122 18 85 96 14 46 5
10; 110 161 36 108 132 53 23 43
9; 83 134 4 103 113 29 30 23
5; 89 140 10 113 121 37 25 32
11; 104 154 29 132 139 56 22 52
10; 65 116 19 84 92 8 50 4
5; 58 110 22 84 88 4 56 11
10; 98 149 18 114 127 43 15 36
5; 70 119 40 63 84 24 63 19
9; 114 165 34 130 144 60 5 53
5; 80 131 8 96 108 24 34 17
10; 80 131 24 82 101 24 44 13
5; 90 141 14 101 116 33 26 25
10; 87 138 32 81 105 33 44 22
4; 109 158 55 83 119 57 55 47
9; 65 116 15 90 95 11 48 11
3; 53 104 26 89 86 11 60 20
6; 85 137 18 92 109 28 34 18
11; 88 138 13 116 122 38 28 35
3; 81 130 47 62 91 35 63 28
