THRESHOLD: 46000
FACILITIES: 3
CUSTOMERS: 35
MAXBANDWIDTHS: 11 16 16
DISTANCECOSTS: 10
OPENINGCOSTS: 377 207 234

#bandwidth; dist_0 dist_1 ...
8; 84 65 70
4; 19 50 36
3; 167 131 171
8; 74 80 91
8; 2 36 18
6; 114 102 128
3; 148 112 152
4; 191 152 190
7; 93 82 77
6; 93 55 95
6; 150 127 161
5; 129 100 137
3; 34 17 27
9; 85 98 102
8; 79 93 96
9; 127 118 142
9; 162 124 156
8; 159 121 159
4; 180 153 189
5; 135 106 143
5; 151 117 141
3; 83 84 66
8; 108 80 116
6; 140 109 147
3; 177 139 172
6; 173 135 174
6; 7 40 10
4; 202 176 212
8; 169 130 164
5; 146 127 159
9; 175 138 178
6; 63 63 78
6; 84 55 92
9; 167 128 166
7; 164 139 174
