THRESHOLD: 12500
FACILITIES: 12
CUSTOMERS: 25
MAXBANDWIDTHS: 12 13 11 18 16 22 24 17 24 16 20 22
DISTANCECOSTS: 10
OPENINGCOSTS: 198 102 101 202 324 210 152 139 362 257 224 140

#bandwidth; dist_0 dist_1 ...
10; 133 152 118 58 106 110 28 111 41 76 33 149
9; 80 133 164 29 150 43 89 163 48 81 91 154
8; 78 89 112 28 97 95 93 115 23 23 97 98
8; 81 152 200 63 186 6 119 200 84 114 121 181
12; 86 25 159 130 149 164 204 173 135 100 208 69
11; 125 57 81 119 73 180 164 97 110 68 169 13
15; 125 141 112 50 99 107 39 106 31 65 44 139
13; 176 139 17 126 16 195 115 10 105 88 120 103
10; 131 75 60 111 50 176 145 75 98 58 150 37
8; 49 63 130 48 116 96 126 137 56 38 131 88
15; 146 74 80 140 75 202 179 97 130 88 184 24
11; 117 66 68 98 57 162 138 81 86 45 143 38
9; 220 225 135 145 132 190 64 119 126 150 63 207
13; 156 89 63 141 60 206 171 81 128 89 177 39
11; 181 128 18 145 26 214 149 35 125 97 154 84
11; 84 14 149 122 138 160 194 163 126 90 199 60
15; 34 49 151 75 138 106 156 161 86 65 160 89
10; 66 72 116 40 101 99 111 121 42 23 115 87
10; 56 28 137 85 124 125 160 148 91 60 165 68
15; 121 111 74 63 60 132 77 73 41 37 82 98
14; 39 44 162 93 150 118 174 173 104 81 178 91
13; 126 123 81 61 69 128 63 78 38 47 68 113
8; 189 187 99 116 94 171 51 84 95 113 54 168
15; 32 97 167 45 153 56 129 172 67 74 132 130
15; 88 57 92 71 78 133 126 101 64 22 131 55
