THRESHOLD: 7000
FACILITIES: 7
CUSTOMERS: 20
MAXBANDWIDTHS: 28 15 16 28 28 15 21
DISTANCECOSTS: 10
OPENINGCOSTS: 360 315 465 459 367 300 439

#bandwidth; dist_0 dist_1 ...
3; 22 69 74 40 24 35 47
1; 74 26 36 44 54 53 51
3; 62 58 95 29 56 68 25
4; 17 67 52 48 5 10 58
2; 65 18 62 13 48 54 18
4; 66 17 47 27 46 49 34
3; 72 44 19 57 52 48 65
3; 65 69 8 72 49 40 83
2; 58 53 12 57 39 32 67
3; 26 97 94 68 44 51 74
1; 47 89 40 81 42 30 92
4; 20 89 60 71 28 23 81
1; 25 85 89 55 38 47 61
1; 57 87 32 84 49 37 95
4; 38 86 43 76 35 24 86
2; 31 64 36 52 16 6 63
4; 45 72 26 66 32 21 77
4; 33 82 92 51 41 52 55
1; 83 3 65 31 64 69 32
1; 44 72 27 66 32 21 77
