THRESHOLD: 5100
FACILITIES: 8
CUSTOMERS: 15
MAXBANDWIDTHS: 76 70 78 67 62 66 63 67
DISTANCECOSTS: 10
OPENINGCOSTS: 342 372 357 334 445 355 309 462

#bandwidth; dist_0 dist_1 ...
13; 48 49 9 55 93 85 92 54
13; 33 61 15 46 79 83 93 33
9; 69 35 79 53 70 26 18 86
9; 42 67 77 31 12 32 45 52
14; 83 30 78 70 97 56 49 100
7; 40 35 60 23 44 18 29 57
7; 84 40 89 69 88 43 33 102
13; 6 48 35 14 48 53 65 23
5; 13 63 52 19 34 53 67 19
6; 26 44 12 33 71 68 77 35
13; 31 57 13 43 77 79 90 32
12; 55 35 24 56 95 78 83 66
9; 35 86 50 51 67 90 103 18
5; 56 12 58 43 72 37 37 74
12; 51 8 51 39 71 40 42 68
