THRESHOLD: 7200
FACILITIES: 10
CUSTOMERS: 15
MAXBANDWIDTHS: 25 25 13 25 25 13 11 20 22 10
DISTANCECOSTS: 10
OPENINGCOSTS: 251 238 352 236 288 391 286 241 267 313

#bandwidth; dist_0 dist_1 ...
14; 97 15 117 89 16 54 72 60 91 126
11; 76 92 192 191 120 117 97 49 148 191
11; 144 64 68 109 44 106 46 97 39 74
12; 115 37 97 108 30 83 44 68 64 103
15; 90 27 135 74 31 31 97 67 115 146
9; 141 72 85 139 66 119 13 89 40 83
13; 158 113 164 27 98 88 172 152 168 183
14; 142 75 117 27 52 74 123 120 117 134
13; 85 62 153 161 86 100 59 36 110 152
17; 180 108 105 38 80 112 141 154 120 124
13; 166 107 137 8 85 95 156 150 145 155
15; 23 73 199 159 105 76 117 34 162 203
7; 92 13 120 103 29 60 62 49 89 127
14; 52 104 232 143 127 66 173 95 206 242
9; 194 117 39 152 98 161 65 143 15 29
