THRESHOLD: 17230
FACILITIES: 7
CUSTOMERS: 17
MAXBANDWIDTHS: 9 10 6 8 5 5 8
DISTANCECOSTS: 10
OPENINGCOSTS: 352 280 254 211 266 370 378

#bandwidth; dist_0 dist_1 ...
8; 71 24 97 74 94 66 113
5; 85 47 130 102 127 72 143
7; 95 23 111 98 115 87 135
9; 90 38 124 102 123 79 142
11; 94 22 110 97 114 86 134
4; 99 59 145 119 143 85 160
9; 98 23 111 100 116 90 137
5; 131 41 118 125 132 125 156
11; 93 4 84 82 92 91 115
7; 118 26 102 109 116 114 140
8; 80 31 112 89 111 71 129
9; 79 52 131 99 126 66 141
5; 109 21 107 105 116 103 139
7; 136 69 157 147 164 124 184
5; 96 57 141 115 139 82 156
8; 130 45 127 128 139 122 162
5; 67 25 92 68 88 63 107
